     Name     Flow rate       Diameter Gen Lb
  entry     1.000000E+00  2.019511E-02   0  0
  exit_48   2.268984E-02  3.429702E-03   4  3
  exit_57   3.443704E-02  2.862798E-03   5  4
  exit_59   2.432713E-02  3.958560E-03   5  5
  exit_61   1.341122E-01  3.266986E-03   4  3
  exit_62   1.912294E-02  2.452316E-03   4  3
  exit_66   8.106115E-03  3.154802E-03   5  1
  exit_69   1.667811E-02  2.976766E-03   5  1
  exit_70   1.010884E-02  1.940147E-03   5  1
  exit_72   4.910457E-03  1.339456E-03   4  2
  exit_76   6.549992E-02  2.443748E-03   5  4
  exit_78   1.272651E-02  1.396889E-03   6  5
  exit_84   2.170476E-02  3.060518E-03   6  1
  exit_90   1.777536E-02  2.331434E-03   6  5
  exit_93   3.818444E-02  4.382398E-03   7  5
  exit_95   5.290104E-02  2.615988E-03   6  1
  exit_96   1.315176E-02  1.427398E-03   5  2
  exit_97   7.644380E-03  3.710892E-03   5  2
  exit_99   1.299607E-02  1.810922E-03   6  2
  exit_101  1.987043E-02  2.605720E-03   6  2
  exit_103  2.784320E-02  2.441146E-03   6  2
  exit_104  1.031941E-02  4.319030E-03   8  5
  exit_107  1.043969E-02  1.950726E-03   5  3
  exit_108  7.899984E-03  2.986276E-03   6  1
  exit_111  9.802882E-03  3.414934E-03   6  1
  exit_112  6.875231E-03  1.316628E-03   6  1
  exit_114  1.356878E-03  1.244313E-03   7  1
  exit_117  7.160785E-03  1.345565E-03   7  1
  exit_118  1.454398E-02  9.801378E-04   7  1
  exit_120  2.208768E-03  2.273016E-03   7  1
  exit_123  8.573402E-04  4.494402E-04   7  1
  exit_125  4.914661E-03  1.066220E-03   8  1
  exit_126  5.936354E-03  9.143704E-04   8  1
  exit_128  4.285307E-03  1.389471E-03   8  1
  exit_131  2.950550E-03  1.945266E-03   8  1
  exit_132  1.133241E-03  8.737892E-04   8  1
  exit_135  2.390739E-03  1.104791E-03   9  1
  exit_136  2.523921E-03  1.324717E-03   9  1
  exit_138  2.320890E-03  7.914244E-04   9  1
  exit_140  4.843166E-04  6.299250E-04   9  1
  exit_142  1.741268E-03  1.428409E-03   9  1
  exit_145  1.402592E-03  1.426671E-03  10  1
  exit_146  9.881477E-04  2.069886E-03  10  1
  exit_148  1.366683E-03  7.920728E-04  10  1
  exit_150  1.992700E-04  1.707620E-03  10  1
  exit_152  1.024474E-03  5.601876E-04  10  1
  exit_155  8.181645E-04  1.052611E-03  11  1
  exit_156  5.844276E-04  6.381572E-04  11  1
  exit_159  1.459358E-04  4.713904E-04  11  1
  exit_161  5.902971E-04  1.418017E-03  11  1
  exit_163  1.274159E-04  8.693206E-04  11  1
  exit_165  5.496694E-04  9.419318E-04  12  1
  exit_166  2.684950E-04  1.109180E-03  12  1
  exit_168  4.831078E-04  6.186140E-04  12  1
  exit_171  3.481777E-04  1.277249E-03  12  1
  exit_173  8.275861E-05  5.433694E-04  12  1
  exit_174  4.465725E-05  1.064511E-03  13  1
  exit_177  2.303932E-04  4.555664E-04  13  1
  exit_178  2.527145E-04  2.612300E-04  13  1
  exit_179  6.574406E-05  3.471430E-04  13  1
  exit_180  2.707838E-05  9.088590E-04  13  1
  exit_183  4.598744E-05  5.881644E-04  13  1
  exit_184  3.677119E-05  8.193476E-04  14  1
  exit_187  1.410315E-04  6.659018E-04  14  1
  exit_189  9.161125E-05  3.899278E-04  14  1
  exit_191  2.944226E-05  4.101578E-04  14  1
  exit_192  1.654517E-05  5.792664E-04  15  1
  exit_195  1.192676E-04  4.324840E-04  15  1
  exit_196  2.176387E-05  5.856808E-04  15  1
  exit_199  2.329783E-05  1.768914E-04  15  1
  exit_201  8.042310E-05  5.159066E-04  16  1
  exit_202  2.177320E-05  5.074434E-04  16  1
  exit_205  3.310937E-05  3.511580E-04  16  1
  exit_207  1.576093E-05  4.941778E-04  16  1
  exit_208  7.536898E-06  4.432442E-04  17  1
  exit_210  6.241373E-05  3.619648E-04  17  1
  exit_211  1.458672E-05  5.308880E-04  17  1
  exit_212  1.230440E-05  3.493744E-04  17  1
  exit_213  1.481477E-05  2.431518E-04  17  1
  exit_214  1.829460E-05  3.414094E-04  17  1
  exit_215  7.280929E-06  4.497778E-04  17  1
  exit_216  8.480001E-06  5.695918E-04  18  1
  exit_217  2.216670E-05  4.558928E-04  19  1
  exit_218  1.996750E-05  3.052462E-04  19  1
  exit_220  4.109543E-03  4.884242E-04   6  2
  exit_222  5.029385E-03  6.067636E-04   7  2
  exit_223  7.966690E-03  2.122348E-03   7  2
  exit_225  1.133306E-02  7.742696E-04   7  2
  exit_228  1.690398E-03  8.717998E-04   7  2
  exit_229  2.419144E-03  7.924090E-04   8  2
  exit_232  4.784289E-03  1.660975E-03   8  2
  exit_234  6.484673E-03  1.332781E-03   8  2
  exit_236  1.162997E-03  5.104304E-04   8  2
  exit_238  1.483431E-03  5.128382E-04   9  2
  exit_240  2.758399E-03  1.265405E-03   9  2
  exit_242  3.622634E-03  1.136565E-03   9  2
  exit_244  7.409970E-04  2.906560E-04   9  2
  exit_246  8.533227E-04  3.860888E-04  10  2
  exit_248  1.391829E-03  1.056641E-03  10  2
  exit_249  1.366570E-03  8.211338E-04  10  2
  exit_251  1.695990E-03  5.724662E-04  10  2
  exit_253  2.022749E-04  5.523808E-04  11  2
  exit_255  4.852012E-04  1.339958E-03  11  2
  exit_257  5.334949E-04  7.215082E-04  11  2
  exit_260  1.489862E-04  2.868196E-04  11  2
  exit_261  5.328859E-05  3.327216E-04  12  2
  exit_264  2.811612E-04  6.762206E-04  12  2
  exit_265  2.523337E-04  6.849010E-04  12  2
  exit_267  5.218936E-04  3.416716E-04  12  2
  exit_270  1.801658E-04  3.681594E-04  13  2
  exit_271  1.156003E-04  2.675028E-04  13  2
  exit_272  2.293635E-04  3.229882E-04  13  2
  exit_274  2.801294E-04  3.238924E-04  13  2
  exit_276  6.340520E-05  5.461872E-04  13  2
  exit_277  5.585963E-05  2.310940E-04  14  2
  exit_280  2.417275E-04  3.933734E-04  14  2
  exit_281  3.840184E-05  3.367316E-04  14  2
  exit_282  5.233404E-05  4.454202E-04  14  2
  exit_284  8.404944E-05  9.308242E-04  15  2
  exit_285  8.058589E-05  3.905604E-04  15  2
  exit_286  4.785680E-05  3.794950E-04  15  2
  exit_288  6.752185E-05  1.651957E-04  16  2
  exit_290  5.272594E-05  3.862744E-04  17  2
  exit_291  1.479591E-05  3.681498E-04  18  2
  exit_292  1.447630E-05  2.385008E-04  18  2
  exit_294  7.068635E-03  1.706467E-03   5  3
  exit_295  4.697026E-03  1.433073E-03   5  3
  exit_298  7.834898E-03  1.068274E-03   6  3
  exit_300  3.041871E-03  1.239320E-03   6  3
  exit_302  6.617695E-03  1.330301E-03   6  3
  exit_303  1.592026E-03  1.201385E-03   7  3
  exit_305  5.810316E-03  1.061397E-03   7  3
  exit_307  1.995931E-03  1.487833E-03   7  3
  exit_309  2.544701E-03  1.132322E-03   8  3
  exit_311  1.879784E-03  1.111294E-03   8  3
  exit_313  8.508583E-04  1.750492E-03   8  3
  exit_315  1.554793E-03  8.892974E-04   9  3
  exit_318  3.941042E-04  7.823186E-04   9  3
  exit_320  1.072539E-03  1.101721E-03   9  3
  exit_322  9.395520E-04  8.289726E-04  10  3
  exit_323  4.316037E-04  7.651144E-04  10  3
  exit_325  2.629309E-04  1.561692E-03  10  3
  exit_327  5.879151E-04  7.915498E-04  11  3
  exit_329  7.313412E-04  4.281924E-04  11  3
  exit_332  4.521924E-04  6.495582E-04  11  3
  exit_334  4.536238E-04  7.771682E-04  12  3
  exit_336  1.523663E-04  5.107952E-04  12  3
  exit_337  3.688569E-05  8.292100E-04  12  3
  exit_339  1.690697E-04  5.860002E-04  13  3
  exit_342  1.153336E-04  5.107006E-04  13  3
  exit_344  1.453087E-04  5.278096E-04  13  3
  exit_345  2.376095E-05  6.954568E-04  14  3
  exit_347  1.411568E-04  4.934108E-04  14  3
  exit_348  8.528030E-05  5.210204E-04  14  3
  exit_350  1.174028E-04  4.967586E-04  15  3
  exit_353  8.017399E-05  4.452154E-04  15  3
  exit_354  3.722889E-05  4.590494E-04  16  3
  exit_356  6.748352E-05  5.587352E-04  16  3
  exit_358  3.662351E-05  4.763182E-04  17  3
  exit_361  1.877376E-05  5.025314E-04  17  3
  exit_362  1.784974E-05  5.125592E-04  18  3
  exit_363  1.948664E-05  2.763956E-04  18  3
  exit_364  2.470809E-05  4.944904E-04  18  3
  exit_365  3.239696E-06  3.825208E-04  18  3
  exit_367  2.426429E-02  1.574921E-03   6  4
  exit_368  9.875540E-03  2.228350E-03   6  4
  exit_370  1.236995E-02  1.628737E-03   7  4
  exit_373  8.815007E-03  2.394786E-03   7  4
  exit_374  3.554947E-03  1.973726E-03   8  4
  exit_377  3.390891E-03  2.254676E-03   8  4
  exit_379  1.715761E-03  1.359195E-03   9  4
  exit_380  5.429953E-03  1.510698E-03   9  4
  exit_382  2.475984E-03  1.118463E-03  10  4
  exit_385  1.798682E-03  1.550463E-03  10  4
  exit_387  5.079022E-04  7.699818E-04  11  4
  exit_389  1.309090E-03  1.259920E-03  11  4
  exit_390  4.895926E-04  1.026463E-03  12  4
  exit_392  3.125473E-04  1.545823E-03  12  4
  exit_394  8.485035E-04  6.645160E-04  13  4
  exit_396  7.760611E-05  1.348113E-03  13  4
  exit_398  5.719465E-04  4.624754E-04  14  4
  exit_399  5.508932E-05  6.671702E-04  14  4
  exit_401  4.948303E-04  7.403534E-04  14  4
  exit_403  2.201156E-04  8.909170E-04  15  4
  exit_404  2.747146E-04  5.640502E-04  16  4
  exit_406  1.765519E-04  8.203744E-04  17  4
  exit_408  4.951109E-05  4.929544E-04  18  4
  exit_410  4.951057E-05  3.892346E-04  19  4
  exit_413  3.171982E-05  5.086778E-04  20  4
  exit_414  5.209686E-10  5.319486E-04  21  4
  exit_415  1.686191E-05  5.312858E-04  21  4
  exit_416  1.485792E-05  6.732064E-04   7  5
  exit_418  8.661658E-03  9.636984E-04   7  5
  exit_420  1.043114E-02  2.262056E-03   8  5
  exit_422  8.854508E-03  2.819116E-03   8  5
  exit_425  1.033169E-02  1.035620E-03   9  5
  exit_427  5.146658E-03  3.774308E-04   8  5
  exit_428  3.515001E-03  8.587364E-04   8  5
  exit_431  5.240577E-03  8.498648E-04   9  5
  exit_433  1.648767E-02  1.508397E-03   9  5
  exit_434  1.165048E-02  1.990324E-03  10  5
  exit_436  3.336229E-03  4.969152E-04   9  5
  exit_438  3.100132E-03  5.411650E-04   9  5
  exit_441  3.498845E-03  1.007017E-03  10  5
  exit_442  1.741732E-03  1.580038E-03  10  5
  exit_444  1.241794E-02  6.079670E-04  11  5
  exit_446  2.074466E-03  4.550134E-04  10  5
  exit_448  1.915157E-03  1.046002E-03  10  5
  exit_450  1.364611E-03  5.719118E-04  11  5
  exit_453  5.512279E-03  1.702942E-03  11  5
  exit_455  7.268058E-04  4.429900E-04  12  5
  exit_457  1.230468E-03  5.385804E-04  11  5
  exit_458  6.846892E-04  4.549246E-04  11  5
  exit_460  5.890646E-04  2.909640E-04  12  5
  exit_463  1.911297E-03  1.479602E-03  12  5
  exit_464  3.600983E-03  4.978428E-04  13  5
  exit_467  2.813455E-04  3.708854E-04  12  5
  exit_468  9.491224E-04  3.859520E-04  12  5
  exit_470  3.403395E-04  7.488318E-04  13  5
  exit_473  7.213507E-04  9.430850E-04  13  5
  exit_475  1.722969E-04  2.999318E-04  14  5
  exit_476  3.768451E-04  4.192968E-04  13  5
  exit_479  1.732106E-04  2.783052E-04  13  5
  exit_481  2.014396E-04  4.294812E-04  14  5
  exit_482  2.207175E-04  6.642178E-04  14  5
  exit_484  5.735993E-04  3.249054E-04  15  5
  exit_487  7.700944E-05  3.142956E-04  14  5
  exit_489  1.345146E-04  3.621000E-04  14  5
  exit_491  1.586459E-04  2.023608E-04  15  5
  exit_492  4.279368E-05  3.471078E-04  15  5
  exit_495  7.849570E-05  3.723818E-04  16  5
  exit_496  6.260302E-05  2.472286E-04  15  5
  exit_499  8.831064E-05  3.431308E-04  15  5
  exit_500  4.620398E-05  5.456546E-04  16  5
  exit_501  1.227012E-04  5.923348E-04  16  5
  exit_503  2.786967E-04  6.551814E-04  16  5
  exit_504  2.745169E-04  4.138496E-04  17  5
  exit_505  4.656234E-05  4.538152E-04  17  5
  exit_506  3.193333E-05  4.101098E-04  16  5
  exit_507  2.535789E-05  4.457214E-04  16  5
  exit_508  2.838250E-05  3.009234E-04  16  5
  exit_509  4.909821E-05  2.310618E-04  16  5
  exit_511  2.324195E-04  2.774330E-04  17  5
  exit_513  1.959775E-04  4.462706E-04  18  5
  exit_514  3.644209E-05  3.402446E-04  19  5
  exit_516  1.221540E-04  2.313338E-04  20  5
  exit_518  8.358476E-05  1.791330E-04  21  5
  exit_519  5.824502E-05  3.043582E-04  21  5
